1 0.3269230769230769 0.42908653846153844 0.08052884615384616 0.06009615384615385
1 0.4567307692307692 0.4699519230769231 0.046875 0.06610576923076923
1 0.16947115384615385 0.671875 0.1201923076923077 0.22956730769230768
1 0.16947115384615385 0.4891826923076923 0.11298076923076923 0.1141826923076923
1 0.02403846153846154 0.5576923076923077 0.025240384615384616 0.04326923076923077
1 0.4050480769230769 0.4699519230769231 0.018028846153846152 0.03245192307692308
1 0.5384615384615384 0.6995192307692307 0.036057692307692304 0.0985576923076923
1 0.4495192307692308 0.6334134615384616 0.018028846153846152 0.03245192307692308
1 0.41947115384615385 0.6694711538461539 0.010817307692307692 0.016826923076923076
1 0.4723557692307692 0.671875 0.014423076923076924 0.03245192307692308
1 0.41586538461538464 0.11177884615384616 0.03245192307692308 0.06009615384615385
1 0.46033653846153844 0.78125 0.11298076923076923 0.1310096153846154
1 0.5360576923076923 0.828125 0.018028846153846152 0.06009615384615385
1 0.46033653846153844 0.8629807692307693 0.039663461538461536 0.021634615384615384
1 0.08052884615384616 0.5985576923076923 0.028846153846153848 0.038461538461538464
1 0.9002403846153846 0.1778846153846154 0.06850961538461539 0.038461538461538464