1 0.6454326923076923 0.6033653846153846 0.27283653846153844 0.43990384615384615
1 0.2800480769230769 0.36177884615384615 0.18870192307692307 0.29447115384615385
1 0.8353365384615384 0.16947115384615385 0.056490384615384616 0.13942307692307693
1 0.6947115384615384 0.1658653846153846 0.021634615384615384 0.051682692307692304
1 0.9038461538461539 0.5480769230769231 0.03245192307692308 0.057692307692307696
1 0.8725961538461539 0.3545673076923077 0.036057692307692304 0.08052884615384616
1 0.8701923076923077 0.7427884615384616 0.04447115384615385 0.1141826923076923
1 0.44591346153846156 0.828125 0.03365384615384615 0.09134615384615384
1 0.32211538461538464 0.12259615384615384 0.08533653846153846 0.12620192307692307
1 0.5925480769230769 0.036057692307692304 0.040865384615384616 0.04807692307692308
1 0.7355769230769231 0.027644230769230768 0.06971153846153846 0.04807692307692308
2 0.5516826923076923 0.28725961538461536 0.24519230769230768 0.14543269230769232