1 0.5324519230769231 0.30288461538461536 0.026442307692307692 0.046875
1 0.46153846153846156 0.2932692307692308 0.02283653846153846 0.036057692307692304
1 0.38221153846153844 0.5264423076923077 0.02283653846153846 0.036057692307692304
1 0.28966346153846156 0.6274038461538461 0.030048076923076924 0.040865384615384616
1 0.33413461538461536 0.578125 0.06490384615384616 0.056490384615384616
1 0.23317307692307693 0.35697115384615385 0.038461538461538464 0.0829326923076923
1 0.27884615384615385 0.33413461538461536 0.06129807692307692 0.08774038461538461
1 0.390625 0.10096153846153846 0.09495192307692307 0.13942307692307693
1 0.29447115384615385 0.18870192307692307 0.09975961538461539 0.1502403846153846
1 0.35336538461538464 0.7596153846153846 0.10336538461538461 0.13942307692307693
1 0.3858173076923077 0.45072115384615385 0.22115384615384615 0.12379807692307693
1 0.5480769230769231 0.6730769230769231 0.140625 0.1141826923076923
1 0.13581730769230768 0.4326923076923077 0.13341346153846154 0.1502403846153846
1 0.25 0.4639423076923077 0.03485576923076923 0.056490384615384616
1 0.1466346153846154 0.19230769230769232 0.03485576923076923 0.03125