1 0.8112980769230769 0.39783653846153844 0.203125 0.11177884615384616
1 0.7776442307692307 0.5336538461538461 0.08173076923076923 0.10216346153846154
1 0.7391826923076923 0.6418269230769231 0.052884615384615384 0.04447115384615385
1 0.6862980769230769 0.5949519230769231 0.06971153846153846 0.05889423076923077
1 0.984375 0.1622596153846154 0.02403846153846154 0.06971153846153846
1 0.84375 0.01201923076923077 0.03245192307692308 0.02403846153846154
1 0.23677884615384615 0.20432692307692307 0.03245192307692308 0.019230769230769232
1 0.24278846153846154 0.234375 0.028846153846153848 0.019230769230769232
1 0.671875 0.4735576923076923 0.12980769230769232 0.18509615384615385
1 0.41947115384615385 0.09495192307692307 0.03245192307692308 0.04447115384615385
1 0.4170673076923077 0.3858173076923077 0.07692307692307693 0.11658653846153846