1 0.6838942307692307 0.47115384615384615 0.171875 0.13341346153846154
1 0.65625 0.6334134615384616 0.06850961538461539 0.12139423076923077
1 0.6237980769230769 0.7596153846153846 0.04447115384615385 0.051682692307692304
1 0.5793269230769231 0.7055288461538461 0.05889423076923077 0.06971153846153846
1 0.8353365384615384 0.1935096153846154 0.027644230769230768 0.07572115384615384
1 0.8725961538461539 0.33533653846153844 0.03485576923076923 0.06971153846153846
1 0.7115384615384616 0.014423076923076924 0.027644230769230768 0.028846153846153848
1 0.19951923076923078 0.24278846153846154 0.027644230769230768 0.02283653846153846
1 0.20432692307692307 0.2776442307692308 0.02403846153846154 0.02283653846153846
1 0.5673076923076923 0.5600961538461539 0.109375 0.21995192307692307
1 0.35336538461538464 0.11298076923076923 0.027644230769230768 0.051682692307692304
1 0.35216346153846156 0.4567307692307692 0.06490384615384616 0.13822115384615385