1 0.3004807692307692 0.4891826923076923 0.21875 0.22115384615384615
1 0.6670673076923077 0.84375 0.2764423076923077 0.2536057692307692
1 0.5973557692307693 0.6165865384615384 0.07091346153846154 0.05889423076923077
1 0.7668269230769231 0.5817307692307693 0.07572115384615384 0.04567307692307692
1 0.6790865384615384 0.23918269230769232 0.052884615384615384 0.028846153846153848
1 0.4567307692307692 0.8040865384615384 0.15264423076923078 0.125
1 0.028846153846153848 0.7704326923076923 0.057692307692307696 0.025240384615384616
1 0.019230769230769232 0.5336538461538461 0.038461538461538464 0.05048076923076923
1 0.0625 0.5817307692307693 0.06610576923076923 0.04567307692307692
1 0.07572115384615384 0.6454326923076923 0.04807692307692308 0.05048076923076923
1 0.2620192307692308 0.6670673076923077 0.1045673076923077 0.125
1 0.43149038461538464 0.14182692307692307 0.15745192307692307 0.11658653846153846