1 0.5168269230769231 0.13942307692307693 0.0673076923076923 0.10096153846153846
1 0.546875 0.4879807692307692 0.03365384615384615 0.040865384615384616
1 0.5673076923076923 0.3786057692307692 0.026442307692307692 0.036057692307692304
1 0.7331730769230769 0.4375 0.030048076923076924 0.036057692307692304
1 0.7872596153846154 0.3870192307692308 0.030048076923076924 0.030048076923076924
1 0.8209134615384616 0.35216346153846156 0.02403846153846154 0.030048076923076924
1 0.8569711538461539 0.3701923076923077 0.02403846153846154 0.040865384615384616
1 0.8990384615384616 0.3581730769230769 0.026442307692307692 0.040865384615384616
1 0.4831730769230769 0.71875 0.03365384615384615 0.040865384615384616
1 0.19831730769230768 0.7127403846153846 0.3762019230769231 0.5625
1 0.6862980769230769 0.8052884615384616 0.6141826923076923 0.3786057692307692
1 0.6021634615384616 0.25721153846153844 0.7884615384615384 0.5144230769230769