1 0.4495192307692308 0.15985576923076922 0.05889423076923077 0.11538461538461539
1 0.47596153846153844 0.5600961538461539 0.028846153846153848 0.04807692307692308
1 0.49278846153846156 0.43509615384615385 0.02283653846153846 0.040865384615384616
1 0.6370192307692307 0.5024038461538461 0.026442307692307692 0.040865384615384616
1 0.6838942307692307 0.44471153846153844 0.026442307692307692 0.03365384615384615
1 0.7127403846153846 0.40384615384615385 0.020432692307692308 0.03365384615384615
1 0.7451923076923077 0.42427884615384615 0.020432692307692308 0.04807692307692308
1 0.78125 0.4110576923076923 0.02283653846153846 0.04807692307692308
1 0.41947115384615385 0.8257211538461539 0.028846153846153848 0.04807692307692308
1 0.17067307692307693 0.7427884615384616 0.3293269230769231 0.5024038461538461
1 0.5973557692307693 0.8485576923076923 0.5372596153846154 0.28966346153846156
1 0.5240384615384616 0.2956730769230769 0.6850961538461539 0.5913461538461539