1 0.35336538461538464 0.734375 0.038461538461538464 0.10576923076923077
1 0.8064903846153846 0.5420673076923077 0.010817307692307692 0.03365384615384615
1 0.75 0.6262019230769231 0.025240384615384616 0.078125
1 0.7920673076923077 0.7235576923076923 0.03245192307692308 0.039663461538461536
1 0.890625 0.6478365384615384 0.028846153846153848 0.03365384615384615
1 0.7824519230769231 0.5336538461538461 0.025240384615384616 0.06129807692307692
1 0.7884615384615384 0.3858173076923077 0.018028846153846152 0.03365384615384615
1 0.6947115384615384 0.609375 0.028846153846153848 0.02283653846153846
1 0.6610576923076923 0.7379807692307693 0.018028846153846152 0.03365384615384615
1 0.5516826923076923 0.7211538461538461 0.09615384615384616 0.12259615384615384
1 0.6706730769230769 0.8569711538461539 0.08533653846153846 0.12860576923076922
1 0.4411057692307692 0.7259615384615384 0.04567307692307692 0.078125
1 0.6490384615384616 0.5060096153846154 0.021634615384615384 0.039663461538461536
1 0.7163461538461539 0.46033653846153844 0.028846153846153848 0.027644230769230768