1 0.36177884615384615 0.71875 0.039663461538461536 0.10336538461538461
1 0.8269230769230769 0.5300480769230769 0.010817307692307692 0.03245192307692308
1 0.7692307692307693 0.6117788461538461 0.025240384615384616 0.07692307692307693
1 0.8125 0.7079326923076923 0.03245192307692308 0.038461538461538464
1 0.9122596153846154 0.6334134615384616 0.028846153846153848 0.03245192307692308
1 0.8016826923076923 0.5216346153846154 0.025240384615384616 0.06009615384615385
1 0.8088942307692307 0.37740384615384615 0.018028846153846152 0.03245192307692308
1 0.7127403846153846 0.5961538461538461 0.028846153846153848 0.021634615384615384
1 0.6778846153846154 0.7211538461538461 0.018028846153846152 0.03245192307692308
1 0.5649038461538461 0.7043269230769231 0.0985576923076923 0.1201923076923077
1 0.6875 0.8389423076923077 0.08774038461538461 0.12620192307692307
1 0.453125 0.7103365384615384 0.046875 0.07692307692307693
1 0.6658653846153846 0.49399038461538464 0.021634615384615384 0.038461538461538464
1 0.734375 0.45072115384615385 0.028846153846153848 0.027644230769230768