1 0.27884615384615385 0.5108173076923077 0.018028846153846152 0.021634615384615384
1 0.3762019230769231 0.5997596153846154 0.030048076923076924 0.037259615384615384
1 0.3701923076923077 0.5504807692307693 0.018028846153846152 0.015625
1 0.35096153846153844 0.5673076923076923 0.014423076923076924 0.015625
1 0.29927884615384615 0.5540865384615384 0.014423076923076924 0.04326923076923077
1 0.5805288461538461 0.671875 0.010817307692307692 0.021634615384615384
1 0.6274038461538461 0.6237980769230769 0.014423076923076924 0.021634615384615384
1 0.5901442307692307 0.6021634615384616 0.007211538461538462 0.021634615384615384
1 0.5456730769230769 0.6237980769230769 0.007211538461538462 0.021634615384615384
1 0.5168269230769231 0.6153846153846154 0.014423076923076924 0.015625
1 0.4495192307692308 0.5673076923076923 0.007211538461538462 0.015625
1 0.4735576923076923 0.5745192307692307 0.010817307692307692 0.021634615384615384
1 0.49278846153846156 0.609375 0.010817307692307692 0.015625
1 0.5997596153846154 0.43028846153846156 0.010817307692307692 0.021634615384615384
1 0.5877403846153846 0.49158653846153844 0.018028846153846152 0.037259615384615384
1 0.6274038461538461 0.48677884615384615 0.014423076923076924 0.04807692307692308
1 0.5360576923076923 0.5637019230769231 0.040865384615384616 0.07572115384615384
1 0.6045673076923077 0.5432692307692307 0.007211538461538462 0.03245192307692308
1 0.48677884615384615 0.3870192307692308 0.06610576923076923 0.04326923076923077
1 0.3173076923076923 0.45913461538461536 0.021634615384615384 0.08052884615384616
1 0.36177884615384615 0.2980769230769231 0.014423076923076924 0.026442307692307692
1 0.36177884615384615 0.4543269230769231 0.014423076923076924 0.015625
1 0.3942307692307692 0.44591346153846156 0.007211538461538462 0.021634615384615384
1 0.36177884615384615 0.40625 0.014423076923076924 0.015625
1 0.46875 0.45913461538461536 0.014423076923076924 0.015625
1 0.2860576923076923 0.4723557692307692 0.010817307692307692 0.021634615384615384
1 0.4651442307692308 0.5216346153846154 0.014423076923076924 0.010817307692307692
1 0.5288461538461539 0.48677884615384615 0.06971153846153846 0.11298076923076923
1 0.33533653846153844 0.2692307692307692 0.014423076923076924 0.03245192307692308
1 0.28725961538461536 0.3629807692307692 0.014423076923076924 0.026442307692307692