1 0.2848557692307692 0.5 0.019230769230769232 0.021634615384615384
1 0.38461538461538464 0.5865384615384616 0.030048076923076924 0.037259615384615384
1 0.3798076923076923 0.5396634615384616 0.019230769230769232 0.015625
1 0.3581730769230769 0.5552884615384616 0.015625 0.015625
1 0.30528846153846156 0.5420673076923077 0.015625 0.042067307692307696
1 0.59375 0.6574519230769231 0.010817307692307692 0.021634615384615384
1 0.6418269230769231 0.6105769230769231 0.015625 0.021634615384615384
1 0.6033653846153846 0.5889423076923077 0.007211538461538462 0.021634615384615384
1 0.5588942307692307 0.6105769230769231 0.007211538461538462 0.021634615384615384
1 0.5288461538461539 0.6021634615384616 0.015625 0.015625
1 0.46033653846153844 0.5552884615384616 0.007211538461538462 0.015625
1 0.484375 0.5637019230769231 0.010817307692307692 0.021634615384615384
1 0.5036057692307693 0.5973557692307693 0.010817307692307692 0.015625
1 0.6129807692307693 0.4206730769230769 0.010817307692307692 0.021634615384615384
1 0.6021634615384616 0.48197115384615385 0.019230769230769232 0.037259615384615384
1 0.6418269230769231 0.47596153846153844 0.015625 0.046875
1 0.5492788461538461 0.5528846153846154 0.042067307692307696 0.0733173076923077
1 0.6189903846153846 0.53125 0.007211538461538462 0.03125
1 0.49759615384615385 0.3786057692307692 0.06850961538461539 0.042067307692307696
1 0.3245192307692308 0.4495192307692308 0.02283653846153846 0.07932692307692307
1 0.3701923076923077 0.2920673076923077 0.015625 0.026442307692307692
1 0.3701923076923077 0.44471153846153844 0.015625 0.015625
1 0.40384615384615385 0.4362980769230769 0.007211538461538462 0.021634615384615384
1 0.3701923076923077 0.39783653846153844 0.015625 0.015625
1 0.4795673076923077 0.4495192307692308 0.015625 0.015625
1 0.2920673076923077 0.46274038461538464 0.010817307692307692 0.021634615384615384
1 0.47596153846153844 0.5108173076923077 0.015625 0.010817307692307692
1 0.5420673076923077 0.47596153846153844 0.07211538461538461 0.11057692307692307
1 0.34375 0.26322115384615385 0.015625 0.03125
1 0.29447115384615385 0.3557692307692308 0.015625 0.026442307692307692