1 0.9555288461538461 0.14423076923076922 0.07932692307692307 0.1466346153846154
1 0.265625 0.3004807692307692 0.24639423076923078 0.4411057692307692
1 0.5360576923076923 0.5264423076923077 0.31850961538461536 0.4074519230769231
1 0.828125 0.5612980769230769 0.2091346153846154 0.375
1 0.3954326923076923 0.7920673076923077 0.028846153846153848 0.028846153846153848
1 0.13581730769230768 0.7079326923076923 0.037259615384615384 0.042067307692307696
1 0.3449519230769231 0.7103365384615384 0.020432692307692308 0.046875
1 0.296875 0.6237980769230769 0.025240384615384616 0.02403846153846154
1 0.25961538461538464 0.8197115384615384 0.016826923076923076 0.028846153846153848
1 0.18990384615384615 0.625 0.26322115384615385 0.1045673076923077
1 0.47115384615384615 0.18990384615384615 0.171875 0.3605769230769231
1 0.859375 0.0829326923076923 0.27163461538461536 0.1658653846153846
1 0.3449519230769231 0.9735576923076923 0.04567307692307692 0.042067307692307696