1 0.2824519230769231 0.5360576923076923 0.06129807692307692 0.078125
1 0.4254807692307692 0.53125 0.026442307692307692 0.046875
1 0.40625 0.484375 0.03485576923076923 0.046875
1 0.8798076923076923 0.6478365384615384 0.019230769230769232 0.040865384615384616
1 0.9471153846153846 0.5 0.02283653846153846 0.036057692307692304
1 0.6646634615384616 0.20673076923076922 0.038461538461538464 0.10336538461538461
1 0.5673076923076923 0.18870192307692307 0.03485576923076923 0.0673076923076923
1 0.27283653846153844 0.08533653846153846 0.057692307692307696 0.078125
1 0.3245192307692308 0.23076923076923078 0.052884615384615384 0.078125
1 0.36778846153846156 0.3605769230769231 0.08052884615384616 0.109375
1 0.7692307692307693 0.1141826923076923 0.08052884615384616 0.12379807692307693
1 0.6850961538461539 0.10096153846153846 0.042067307692307696 0.0673076923076923
1 0.35336538461538464 0.03125 0.10336538461538461 0.0625
1 0.7211538461538461 0.5564903846153846 0.030048076923076924 0.046875