1 0.6574519230769231 0.3954326923076923 0.02283653846153846 0.051682692307692304
1 0.38100961538461536 0.5733173076923077 0.018028846153846152 0.02403846153846154
1 0.4579326923076923 0.8689903846153846 0.014423076923076924 0.016826923076923076
1 0.44350961538461536 0.09495192307692307 0.02403846153846154 0.021634615384615384
1 0.5649038461538461 0.5733173076923077 0.016826923076923076 0.02403846153846154
1 0.5841346153846154 0.5540865384615384 0.01201923076923077 0.014423076923076924
1 0.6045673076923077 0.5709134615384616 0.009615384615384616 0.019230769230769232
1 0.6442307692307693 0.5745192307692307 0.013221153846153846 0.021634615384615384
1 0.5480769230769231 0.5240384615384616 0.03485576923076923 0.039663461538461536
1 0.5204326923076923 0.234375 0.027644230769230768 0.037259615384615384
1 0.328125 0.6790865384615384 0.018028846153846152 0.02403846153846154
1 0.27163461538461536 0.6334134615384616 0.040865384615384616 0.08052884615384616
1 0.3125 0.5396634615384616 0.057692307692307696 0.06370192307692307
1 0.5697115384615384 0.7115384615384616 0.07211538461538461 0.07572115384615384