1 0.515625 0.48677884615384615 0.07091346153846154 0.11057692307692307
1 0.6706730769230769 0.49278846153846156 0.052884615384615384 0.07091346153846154
1 0.7536057692307693 0.6862980769230769 0.04927884615384615 0.04927884615384615
1 0.875 0.6622596153846154 0.036057692307692304 0.04447115384615385
1 0.43990384615384615 0.6706730769230769 0.0625 0.13341346153846154
1 0.9627403846153846 0.7728365384615384 0.039663461538461536 0.07091346153846154
1 0.9447115384615384 0.9182692307692307 0.039663461538461536 0.039663461538461536
1 0.3581730769230769 0.7728365384615384 0.039663461538461536 0.026442307692307692
1 0.40865384615384615 0.8245192307692307 0.026442307692307692 0.04927884615384615
1 0.53125 0.9338942307692307 0.1466346153846154 0.125
1 0.1778846153846154 0.5072115384615384 0.08052884615384616 0.07091346153846154
1 0.6021634615384616 0.3605769230769231 0.039663461538461536 0.036057692307692304
1 0.6598557692307693 0.7151442307692307 0.03125 0.04447115384615385